 27977      0   2
 28345      0   3
 28771      0   1
 29219      0   4
 29652      0   2
 30025      0   3
 30450      0   1
 30839      0   4
 31240      0   2
 31665      0   3
 32101      0   1
 32519      0   4
 32935      0   2
 33325      0   3
 33712      0   1
 34089      0   5
 34532      0   2
 34649      0  32
 34956      0   3
 35428      0   1
 35850      0   4
 36211      0   2
 36576      0   3
 37007      0   1
 37460      0   4
 37910      0   2
 38326      0   3
 38711      0   1
 39130      0   4
 39563      0   2
 39926      0   3
 40405      0   1
 40880      0   4
 41260      0   2
 41646      0   3
 42126      0   1
 42598      0   5
 42938      0  32
 42960      0   2
 43346      0   3
 43781      0   1
 44170      0   4
 44649      0   2
 45115      0   3
 45486      0   1
 45860      0   4
 46240      0   2
 46686      0   3
 47095      0   1
 47530      0   4
 47895      0   2
 48287      0   3
 48722      0   1
 49101      0   4
 49469      0   2
 49897      0   3
 50269      0   1
 50682      0   4
 51046      0   2
 51437      0   5
 51803      0  32
 51881      0   1
 52252      0   4
 52675      0   2
 53118      0   3
 53494      0   1
 53912      0   4
 54320      0   2
 54699      0   3
 55100      0   1
 55463      0   4
 55878      0   2
 56269      0   3
 56717      0   1
 57183      0   4
 57612      0   2
 58079      0   3
 58448      0   1
 58913      0   4
 59320      0   5
 59677      0  32
 59739      0   3
 60129      0   1
 60563      0   4
 61035      0   2
 61458      0   3
 61868      0   1
 62283      0   4
 62682      0   2
 63069      0   3
 63532      0   1
 63923      0   4
 64387      0   2
 64769      0   3
 65181      0   1
 65643      0   4
 66071      0   2
 66538      0   3
 66964      0   1
 67401      0   5
 67782      0  32
 67811      0   2
 68198      0   3
 68666      0   1
 69063      0   4
 69458      0   2
 69859      0   3
 70259      0   1
 70663      0   4
 71128      0   2
 71608      0   3
 71991      0   1
 72442      0   4
 72824      0   2
 73258      0   3
 73718      0   1
 74172      0   4
 74540      0   2
 74919      0   3
 75305      0   5
 75624      0  32
 75724      0   4
 76086      0   2
 76479      0   3
 76894      0   1
 77304      0   4
 77682      0   2
 78130      0   3
 78539      0   1
 78934      0   4
 79361      0   2
 79819      0   3
 80209      0   1
 80624      0   4
 81017      0   2
 81440      0   3
 81911      0   1
 82334      0   4
 82715      0   2
 83150      0   3
 83568      0   1
 83984      0   4
 84446      0   2
 84898      0   5
 85111      0  32
 85299      0   1
 85664      0   4
 86107      0   2
 86520      0   3
 86971      0   1
 87354      0   4
 87724      0   2
 88150      0   3
 88593      0   1
 89024      0   4
 89496      0   2
 89949      0   3
 90419      0   1
 90813      0   4
 91194      0   2
 91600      0   3
 92038      0   1
 92414      0   4
 92801      0   5
 93018      0  32
 93270      0   3
 93669      0   1
 94094      0   4
 94541      0   2
 94960      0   3
 95435      0   1
 95883      0   4
 96329      0   2
 96789      0   3
 97234      0   1
 97703      0   4
 98113      0   2
 98499      0   3
 98903      0   1
 99363      0   4
 99795      0   2
100159      0   3
100620      0   1
101091      0   5
101468      0   2
101540      0  32
101908      0   3
102288      0   1
102713      0   4
103192      0   2
103588      0   3
104033      0   1
104433      0   4
104909      0   2
105348      0   3
105760      0   1
106172      0   4
106620      0   2
106988      0   3
107355      0   1
107743      0   4
108170      0   2
108619      0   3
108975      0   5
109324      0  32
109364      0   4
109741      0   2
110209      0   3
110574      0   1
111004      0   4
111440      0   2
111839      0   3
112292      0   1
112743      0   4
113140      0   2
113589      0   3
113952      0   1
114324      0   4
114740      0   2
115160      0   3
115619      0   1
116083      0   4
116527      0   2
116929      0   3
117304      0   1
117714      0   4
118101      0   5
118369      0  32
118480      0   3
118879      0   1
119235      0   4
119696      0   2
120110      0   3
120539      0   1
120984      0   4
121392      0   2
121800      0   3
122218      0   1
122684      0   4
123065      0   2
123451      0   3
123931      0   1
124404      0   4
124830      0   2
125300      0   3
125709      0   1
126123      0   5
126470      0  32
126546      0   2
126950      0   3
127331      0   1
127705      0   4
128075      0   2
128511      0   3
128925      0   1
129285      0   4
129732      0   2
130111      0   3
130495      0   1
130876      0   4
131253      0   2
131672      0   3
132081      0   1
132556      0   4
132974      0   2
133451      0   3
133927      0   5
134287      0  32
134316      0   4
134729      0   2
135101      0   3
135533      0   1
135916      0   4
136285      0   2
136722      0   3
137133      0   1
137576      0   4
137993      0   2
138412      0   3
138836      0   1
139306      0   4
139737      0   2
140191      0   3
140612      0   1
141085      0   4
141562      0   2
141981      0   3
142446      0   5
142815      0  32
142826      0   4
143218      0   2
143671      0   3
144071      0   1
144545      0   4
144916      0   2
145291      0   3
145666      0   1
146085      0   4
146545      0   2
147011      0   3
147458      0   1
147855      0   4
148304      0   2
148721      0   3
149162      0   1
149555      0   4
149989      0   2
150430      0   3
150872      0   1
151265      0   4
151626      0   2
152030      0   5
152336      0  32
152426      0   1
152825      0   4
153211      0   2
153681      0   3
154080      0   1
154486      0   4
168672      0  32
